# Created by AnalysisTools v4.0  (https://github.com/KaGaSi/AnalysisTools)
# command: AngleMolecules traj.vcf 1 angles.txt -i traj.data -n angles_extra.txt 1 2 4 1 2 5 --all
# (1) angle
# A3BA2 molecule: (2) A-A-A (3) A-A-B (4) A-B-A (5)-(8) individual angles
 0.5000  0.000000  0.000000  0.000000  0.000000  0.000000  0.000000  0.000000
 1.5000  0.000000  0.000000  0.000000  0.000000  0.000000  0.000000  0.000000
 2.5000  0.000000  0.000000  0.000000  0.000000  0.000000  0.000000  0.000000
 3.5000  0.000000  0.000000  0.000000  0.000000  0.000000  0.000000  0.000000
 4.5000  0.000000  0.000000  0.000000  0.000000  0.000000  0.000000  0.000000
 5.5000  0.000000  0.000000  0.000000  0.000000  0.000000  0.000000  0.000000
 6.5000  0.000000  0.000000  0.000000  0.000000  0.000000  0.000000  0.000000
 7.5000  0.000000  0.000000  0.000000  0.000000  0.000000  0.000000  0.000000
 8.5000  0.000000  0.000000  0.000000  0.000000  0.000000  0.000000  0.000000
 9.5000  0.000000  0.000000  0.000000  0.000000  0.000000  0.000000  0.000000
10.5000  0.000000  0.000000  0.000000  0.000000  0.000000  0.000000  0.000000
11.5000  0.000000  0.000000  0.000000  0.000000  0.000000  0.000000  0.000000
12.5000  0.000000  0.000000  0.000000  0.000000  0.000000  0.000000  0.000000
13.5000  0.000000  0.000000  0.000000  0.000000  0.000000  0.000000  0.000000
14.5000  0.000000  0.000000  0.000000  0.000000  0.000000  0.000000  0.000000
15.5000  0.000000  0.000000  0.000000  0.000000  0.000000  0.000000  0.000000
16.5000  0.000000  0.000000  0.000000  0.000000  0.000000  0.000000  0.000000
17.5000  0.000000  0.000000  0.000000  0.000000  0.000000  0.000000  0.000000
18.5000  0.000000  0.000000  0.000000  0.000000  0.000000  0.000000  0.000000
19.5000  0.000000  0.000000  0.000000  0.000000  0.000000  0.000000  0.000000
20.5000  0.000000  0.000000  0.000000  0.000000  0.000000  0.000000  0.000000
21.5000  0.000000  0.000000  0.000000  0.000000  0.000000  0.000000  0.000000
22.5000  0.000000  0.000000  0.000000  0.000000  0.000000  0.000000  0.000000
23.5000  0.000000  0.000000  0.000000  0.000000  0.000000  0.000000  0.000000
24.5000  0.000000  0.000000  0.000000  0.000000  0.000000  0.000000  0.000000
25.5000  0.000000  0.000000  0.000000  0.000000  0.000000  0.000000  0.000000
26.5000  0.000000  0.000000  0.000000  0.000000  0.000000  0.000000  0.000000
27.5000  0.000000  0.000000  0.000000  0.000000  0.000000  0.000000  0.000000
28.5000  0.000000  0.000000  0.000000  0.000000  0.000000  0.000000  0.000000
29.5000  0.000000  0.000000  0.000000  0.000000  0.000000  0.000000  0.000000
30.5000  0.000000  0.000000  0.000000  0.000000  0.000000  0.000000  0.000000
31.5000  0.000000  0.000000  0.000000  0.000000  0.000000  0.000000  0.000000
32.5000  0.000000  0.000000  0.000000  0.000000  0.000000  0.000000  0.000000
33.5000  0.000000  0.000049  0.000000  0.000000  0.000000  0.000000  0.000098
34.5000  0.000000  0.000000  0.000000  0.000000  0.000000  0.000000  0.000000
35.5000  0.000000  0.000000  0.000000  0.000000  0.000000  0.000000  0.000000
36.5000  0.000000  0.000147  0.000000  0.000000  0.000000  0.000000  0.000294
37.5000  0.000000  0.000147  0.000000  0.000000  0.000000  0.000000  0.000294
38.5000  0.000000  0.000294  0.000000  0.000000  0.000000  0.000000  0.000588
39.5000  0.000000  0.000441  0.000000  0.000000  0.000000  0.000000  0.000882
40.5000  0.000000  0.000294  0.000000  0.000000  0.000000  0.000000  0.000588
41.5000  0.000000  0.000637  0.000000  0.000000  0.000000  0.000000  0.001275
42.5000  0.000000  0.000980  0.000000  0.000000  0.000000  0.000000  0.001961
43.5000  0.000000  0.001225  0.000000  0.000000  0.000000  0.000000  0.002451
44.5000  0.000000  0.001863  0.000000  0.000000  0.000000  0.000000  0.003725
45.5000  0.000000  0.001863  0.000000  0.000000  0.000000  0.000000  0.003725
46.5000  0.000000  0.003088  0.000000  0.000000  0.000000  0.000000  0.006176
47.5000  0.000000  0.004118  0.000000  0.000000  0.000000  0.000000  0.008235
48.5000  0.000000  0.004412  0.000000  0.000000  0.000000  0.000000  0.008824
49.5000  0.000000  0.006225  0.000000  0.000000  0.000000  0.000000  0.012451
50.5000  0.000000  0.007451  0.000000  0.000000  0.000000  0.000000  0.014902
51.5000  0.000000  0.010343  0.000000  0.000000  0.000000  0.000000  0.020686
52.5000  0.000000  0.011863  0.000000  0.000000  0.000000  0.000000  0.023725
53.5000  0.000000  0.012843  0.000000  0.000000  0.000000  0.000000  0.025686
54.5000  0.000000  0.013431  0.000000  0.000000  0.000000  0.000000  0.026863
55.5000  0.000000  0.016961  0.000000  0.000000  0.000000  0.000000  0.033922
56.5000  0.000000  0.018824  0.000000  0.000000  0.000000  0.000000  0.037647
57.5000  0.000000  0.020490  0.000000  0.000000  0.000000  0.000000  0.040980
58.5000  0.000000  0.022304  0.000000  0.000000  0.000000  0.000000  0.044608
59.5000  0.000000  0.024510  0.000000  0.000000  0.000000  0.000000  0.049020
60.5000  0.000000  0.024706  0.000098  0.000000  0.000000  0.000098  0.049412
61.5000  0.000000  0.025343  0.000000  0.000000  0.000000  0.000000  0.050686
62.5000  0.000000  0.026176  0.000000  0.000000  0.000000  0.000000  0.052353
63.5000  0.000000  0.026471  0.000196  0.000000  0.000000  0.000196  0.052941
64.5000  0.000000  0.022794  0.000294  0.000000  0.000000  0.000294  0.045588
65.5000  0.000000  0.024461  0.000000  0.000000  0.000000  0.000000  0.048922
66.5000  0.000000  0.023431  0.000490  0.000000  0.000000  0.000490  0.046863
67.5000  0.000000  0.022402  0.000196  0.000000  0.000000  0.000196  0.044804
68.5000  0.000000  0.018775  0.000490  0.000000  0.000000  0.000490  0.037549
69.5000  0.000000  0.016569  0.000784  0.000000  0.000000  0.000784  0.033137
70.5000  0.000000  0.015000  0.001275  0.000000  0.000000  0.001275  0.030000
71.5000  0.000000  0.013529  0.003235  0.000000  0.000000  0.003235  0.027059
72.5000  0.000000  0.011029  0.003235  0.000000  0.000000  0.003235  0.022059
73.5000  0.000000  0.009363  0.003824  0.000000  0.000000  0.003824  0.018725
74.5000  0.000000  0.007892  0.004706  0.000000  0.000000  0.004706  0.015784
75.5000  0.000000  0.006520  0.006373  0.000000  0.000000  0.006373  0.013039
76.5000  0.000000  0.004706  0.010392  0.000000  0.000000  0.010392  0.009412
77.5000  0.000000  0.003578  0.011961  0.000000  0.000000  0.011961  0.007157
78.5000  0.000000  0.003627  0.015686  0.000000  0.000000  0.015686  0.007255
79.5000  0.000000  0.002108  0.018235  0.000000  0.000000  0.018235  0.004216
80.5000  0.000000  0.002059  0.019412  0.000000  0.000000  0.019412  0.004118
81.5000  0.000000  0.001225  0.021078  0.000000  0.000000  0.021078  0.002451
82.5000  0.000000  0.001029  0.027745  0.000000  0.000000  0.027745  0.002059
83.5000  0.000000  0.001029  0.028235  0.000000  0.000000  0.028235  0.002059
84.5000  0.000000  0.000686  0.038333  0.000000  0.000000  0.038333  0.001373
85.5000  0.000000  0.000343  0.040882  0.000000  0.000000  0.040882  0.000686
86.5000  0.000000  0.000245  0.044314  0.000000  0.000000  0.044314  0.000490
87.5000  0.000000  0.000049  0.047255  0.000000  0.000000  0.047255  0.000098
88.5000  0.000000  0.000000  0.049608  0.000000  0.000000  0.049608  0.000000
89.5000  0.000000  0.000049  0.053529  0.000000  0.000098  0.053529  0.000000
90.5000  0.000000  0.000049  0.052451  0.000000  0.000000  0.052451  0.000098
91.5000  0.000000  0.000000  0.052255  0.000000  0.000000  0.052255  0.000000
92.5000  0.000000  0.000147  0.049314  0.000000  0.000294  0.049314  0.000000
93.5000  0.000000  0.000147  0.048725  0.000000  0.000294  0.048725  0.000000
94.5000  0.000000  0.000343  0.041176  0.000000  0.000686  0.041176  0.000000
95.5000  0.000000  0.000196  0.041471  0.000000  0.000392  0.041471  0.000000
96.5000  0.000000  0.000392  0.038137  0.000000  0.000784  0.038137  0.000000
97.5000  0.000000  0.000392  0.037451  0.000000  0.000784  0.037451  0.000000
98.5000  0.000000  0.000637  0.031863  0.000000  0.001275  0.031863  0.000000
99.5000  0.000000  0.000784  0.030098  0.000000  0.001569  0.030098  0.000000
100.5000  0.000000  0.001176  0.026569  0.000000  0.002353  0.026569  0.000000
101.5000  0.000000  0.002206  0.020392  0.000000  0.004412  0.020392  0.000000
102.5000  0.000000  0.002451  0.016569  0.000000  0.004902  0.016569  0.000000
103.5000  0.000000  0.003775  0.014608  0.000000  0.007549  0.014608  0.000000
104.5000  0.000000  0.004804  0.010000  0.000000  0.009608  0.010000  0.000000
105.5000  0.000000  0.004559  0.008824  0.000000  0.009118  0.008824  0.000000
106.5000  0.000000  0.007108  0.006961  0.000000  0.014216  0.006961  0.000000
107.5000  0.000000  0.008725  0.004804  0.000000  0.017451  0.004804  0.000000
108.5000  0.000000  0.009265  0.005196  0.000000  0.018529  0.005196  0.000000
109.5000  0.000000  0.011961  0.002843  0.000000  0.023922  0.002843  0.000000
110.5000  0.000000  0.011863  0.002647  0.000000  0.023725  0.002647  0.000000
111.5000  0.000000  0.014167  0.001373  0.000000  0.028333  0.001373  0.000000
112.5000  0.000000  0.017549  0.001765  0.000000  0.035098  0.001765  0.000000
113.5000  0.000000  0.018676  0.000784  0.000000  0.037353  0.000784  0.000000
114.5000  0.000000  0.020539  0.000588  0.000000  0.041078  0.000588  0.000000
115.5000  0.000000  0.020882  0.000490  0.000000  0.041765  0.000490  0.000000
116.5000  0.000000  0.023431  0.000392  0.000000  0.046863  0.000392  0.000000
117.5000  0.000000  0.024265  0.000098  0.000000  0.048529  0.000098  0.000000
118.5000  0.000000  0.023235  0.000098  0.000000  0.046471  0.000098  0.000000
119.5000  0.000000  0.024951  0.000196  0.000000  0.049902  0.000196  0.000000
120.5000  0.000000  0.025098  0.000000  0.000000  0.050196  0.000000  0.000000
121.5000  0.000000  0.023775  0.000000  0.000000  0.047549  0.000000  0.000000
122.5000  0.000000  0.022696  0.000000  0.000000  0.045392  0.000000  0.000000
123.5000  0.000000  0.023382  0.000000  0.000000  0.046765  0.000000  0.000000
124.5000  0.000000  0.020098  0.000000  0.000000  0.040196  0.000000  0.000000
125.5000  0.000000  0.018137  0.000000  0.000000  0.036275  0.000000  0.000000
126.5000  0.000000  0.016961  0.000000  0.000000  0.033922  0.000000  0.000000
127.5000  0.000000  0.015637  0.000000  0.000000  0.031275  0.000000  0.000000
128.5000  0.000000  0.013676  0.000000  0.000000  0.027353  0.000000  0.000000
129.5000  0.000000  0.013137  0.000000  0.000000  0.026275  0.000000  0.000000
130.5000  0.000000  0.009804  0.000000  0.000000  0.019608  0.000000  0.000000
131.5000  0.000000  0.009167  0.000000  0.000000  0.018333  0.000000  0.000000
132.5000  0.000000  0.006275  0.000000  0.000000  0.012549  0.000000  0.000000
133.5000  0.000000  0.004755  0.000000  0.000000  0.009510  0.000000  0.000000
134.5000  0.000000  0.004265  0.000000  0.000000  0.008529  0.000000  0.000000
135.5000  0.000000  0.004265  0.000000  0.000000  0.008529  0.000000  0.000000
136.5000  0.000000  0.003235  0.000000  0.000000  0.006471  0.000000  0.000000
137.5000  0.000000  0.002647  0.000000  0.000000  0.005294  0.000000  0.000000
138.5000  0.000000  0.001225  0.000000  0.000000  0.002451  0.000000  0.000000
139.5000  0.000000  0.000882  0.000000  0.000000  0.001765  0.000000  0.000000
140.5000  0.000000  0.000784  0.000000  0.000000  0.001569  0.000000  0.000000
141.5000  0.000000  0.000441  0.000000  0.000000  0.000882  0.000000  0.000000
142.5000  0.000000  0.000245  0.000000  0.000000  0.000490  0.000000  0.000000
143.5000  0.000000  0.000343  0.000000  0.000000  0.000686  0.000000  0.000000
144.5000  0.000098  0.000049  0.000000  0.000098  0.000098  0.000000  0.000000
145.5000  0.000000  0.000049  0.000000  0.000000  0.000098  0.000000  0.000000
146.5000  0.000000  0.000049  0.000000  0.000000  0.000098  0.000000  0.000000
147.5000  0.000196  0.000147  0.000000  0.000196  0.000294  0.000000  0.000000
148.5000  0.000098  0.000000  0.000000  0.000098  0.000000  0.000000  0.000000
149.5000  0.000196  0.000049  0.000000  0.000196  0.000098  0.000000  0.000000
150.5000  0.000784  0.000000  0.000000  0.000784  0.000000  0.000000  0.000000
151.5000  0.001471  0.000000  0.000000  0.001471  0.000000  0.000000  0.000000
152.5000  0.001471  0.000049  0.000000  0.001471  0.000098  0.000000  0.000000
153.5000  0.002059  0.000000  0.000000  0.002059  0.000000  0.000000  0.000000
154.5000  0.002843  0.000000  0.000000  0.002843  0.000000  0.000000  0.000000
155.5000  0.003922  0.000000  0.000000  0.003922  0.000000  0.000000  0.000000
156.5000  0.005196  0.000000  0.000000  0.005196  0.000000  0.000000  0.000000
157.5000  0.007059  0.000000  0.000000  0.007059  0.000000  0.000000  0.000000
158.5000  0.013529  0.000000  0.000000  0.013529  0.000000  0.000000  0.000000
159.5000  0.013922  0.000000  0.000000  0.013922  0.000000  0.000000  0.000000
160.5000  0.018529  0.000000  0.000000  0.018529  0.000000  0.000000  0.000000
161.5000  0.022549  0.000000  0.000000  0.022549  0.000000  0.000000  0.000000
162.5000  0.025588  0.000000  0.000000  0.025588  0.000000  0.000000  0.000000
163.5000  0.032647  0.000000  0.000000  0.032647  0.000000  0.000000  0.000000
164.5000  0.035098  0.000000  0.000000  0.035098  0.000000  0.000000  0.000000
165.5000  0.044020  0.000000  0.000000  0.044020  0.000000  0.000000  0.000000
166.5000  0.054216  0.000000  0.000000  0.054216  0.000000  0.000000  0.000000
167.5000  0.056176  0.000000  0.000000  0.056176  0.000000  0.000000  0.000000
168.5000  0.063235  0.000000  0.000000  0.063235  0.000000  0.000000  0.000000
169.5000  0.070490  0.000000  0.000000  0.070490  0.000000  0.000000  0.000000
170.5000  0.072059  0.000000  0.000000  0.072059  0.000000  0.000000  0.000000
171.5000  0.070000  0.000000  0.000000  0.070000  0.000000  0.000000  0.000000
172.5000  0.075882  0.000000  0.000000  0.075882  0.000000  0.000000  0.000000
173.5000  0.071176  0.000000  0.000000  0.071176  0.000000  0.000000  0.000000
174.5000  0.066373  0.000000  0.000000  0.066373  0.000000  0.000000  0.000000
175.5000  0.058235  0.000000  0.000000  0.058235  0.000000  0.000000  0.000000
176.5000  0.048431  0.000000  0.000000  0.048431  0.000000  0.000000  0.000000
177.5000  0.033824  0.000000  0.000000  0.033824  0.000000  0.000000  0.000000
178.5000  0.021765  0.000000  0.000000  0.021765  0.000000  0.000000  0.000000
179.5000  0.006863  0.000000  0.000000  0.006863  0.000000  0.000000  0.000000
# min(1st columns)/max(2nd columns)/average(3rd columns)
# A3BA2 molecule: (1) A-A-A (4) A-A-B (7) A-B-A (10)-(21) individual angles
# 144.733639 179.924157 169.722272 33.007680 152.347478 91.100243 60.032335 119.489499 91.023235 144.733639 179.924157 169.722272 89.410863 152.347478 119.623902 60.032335 119.489499 91.023235 33.007680 90.503630 62.576585
