# Created by AnalysisTools v4.0  (https://github.com/KaGaSi/AnalysisTools)
# command: AngleMolecules traj.vcf 1 angles.txt -i traj.data -n angles_extra.txt 1 2 4 1 2 5 --all
# (1) angle
# A3BA2: (2) 1-2-4 (3) 1-2-5
# A2B2: (4) 1-2-4
 0.5000   0.000000   0.000000   0.000000
 1.5000   0.000000   0.000000   0.000098
 2.5000   0.000000   0.000000   0.000000
 3.5000   0.000000   0.000000   0.000196
 4.5000   0.000000   0.000000   0.000098
 5.5000   0.000000   0.000000   0.000000
 6.5000   0.000000   0.000000   0.000196
 7.5000   0.000000   0.000000   0.000098
 8.5000   0.000000   0.000000   0.000392
 9.5000   0.000000   0.000000   0.000294
10.5000   0.000000   0.000000   0.000294
11.5000   0.000000   0.000000   0.000294
12.5000   0.000000   0.000000   0.000490
13.5000   0.000000   0.000000   0.000490
14.5000   0.000000   0.000000   0.000294
15.5000   0.000000   0.000000   0.000588
16.5000   0.000000   0.000000   0.000686
17.5000   0.000000   0.000000   0.000686
18.5000   0.000000   0.000000   0.000490
19.5000   0.000000   0.000000   0.000980
20.5000   0.000000   0.000000   0.000980
21.5000   0.000000   0.000000   0.001078
22.5000   0.000000   0.000000   0.000980
23.5000   0.000000   0.000000   0.000980
24.5000   0.000000   0.000000   0.001176
25.5000   0.000000   0.000000   0.001569
26.5000   0.000000   0.000000   0.001667
27.5000   0.000000   0.000000   0.001569
28.5000   0.000000   0.000000   0.002353
29.5000   0.000000   0.000000   0.001667
30.5000   0.000000   0.000000   0.001569
31.5000   0.000000   0.000000   0.002647
32.5000   0.000000   0.000000   0.001471
33.5000   0.000000   0.000000   0.003431
34.5000   0.000000   0.000000   0.003235
35.5000   0.000000   0.000000   0.003627
36.5000   0.000000   0.000000   0.003627
37.5000   0.000000   0.000000   0.002745
38.5000   0.000000   0.000000   0.002647
39.5000   0.000000   0.000000   0.002941
40.5000   0.000000   0.000000   0.004020
41.5000   0.000000   0.000000   0.003333
42.5000   0.000000   0.000000   0.004118
43.5000   0.000000   0.000000   0.004412
44.5000   0.000000   0.000000   0.005784
45.5000   0.000000   0.000000   0.003137
46.5000   0.000000   0.000000   0.004510
47.5000   0.000000   0.000000   0.005098
48.5000   0.000000   0.000000   0.004314
49.5000   0.000000   0.000000   0.005392
50.5000   0.000000   0.000000   0.005294
51.5000   0.000000   0.000000   0.006765
52.5000   0.000000   0.000000   0.006667
53.5000   0.000000   0.000000   0.005392
54.5000   0.000000   0.000000   0.005294
55.5000   0.000000   0.000000   0.006078
56.5000   0.000000   0.000000   0.005490
57.5000   0.000000   0.000000   0.007745
58.5000   0.000000   0.000000   0.007157
59.5000   0.000000   0.000000   0.007647
60.5000   0.000000   0.000000   0.008431
61.5000   0.000000   0.000000   0.008039
62.5000   0.000000   0.000000   0.006961
63.5000   0.000000   0.000000   0.007059
64.5000   0.000000   0.000000   0.008333
65.5000   0.000000   0.000098   0.007451
66.5000   0.000000   0.000000   0.008137
67.5000   0.000000   0.000000   0.009314
68.5000   0.000000   0.000000   0.010686
69.5000   0.000000   0.000000   0.008039
70.5000   0.000000   0.000000   0.007353
71.5000   0.000000   0.000000   0.008333
72.5000   0.000000   0.000000   0.008824
73.5000   0.000000   0.000098   0.009412
74.5000   0.000000   0.000196   0.008529
75.5000   0.000000   0.000294   0.010588
76.5000   0.000000   0.000098   0.009412
77.5000   0.000000   0.000294   0.007941
78.5000   0.000000   0.000098   0.009020
79.5000   0.000000   0.000392   0.008137
80.5000   0.000000   0.001176   0.008137
81.5000   0.000000   0.000588   0.008333
82.5000   0.000000   0.001275   0.011078
83.5000   0.000000   0.001078   0.008039
84.5000   0.000000   0.001471   0.008137
85.5000   0.000000   0.001863   0.009216
86.5000   0.000000   0.002647   0.008431
87.5000   0.000000   0.002745   0.009412
88.5000   0.000000   0.002843   0.009804
89.5000   0.000000   0.002941   0.009118
90.5000   0.000000   0.003529   0.010392
91.5000   0.000000   0.004020   0.010196
92.5000   0.000000   0.004118   0.010588
93.5000   0.000000   0.004902   0.010000
94.5000   0.000000   0.006078   0.010686
95.5000   0.000000   0.005098   0.010098
96.5000   0.000000   0.007353   0.009902
97.5000   0.000000   0.007549   0.009412
98.5000   0.000000   0.008922   0.010980
99.5000   0.000000   0.009314   0.009510
100.5000   0.000000   0.010000   0.011275
101.5000   0.000000   0.008627   0.009314
102.5000   0.000000   0.012255   0.009510
103.5000   0.000000   0.011765   0.010000
104.5000   0.000098   0.012843   0.010000
105.5000   0.000000   0.012157   0.010588
106.5000   0.000000   0.011765   0.009412
107.5000   0.000000   0.012941   0.010196
108.5000   0.000098   0.012647   0.009314
109.5000   0.000000   0.012745   0.009216
110.5000   0.000098   0.014118   0.009020
111.5000   0.000098   0.015588   0.009216
112.5000   0.000196   0.015000   0.009314
113.5000   0.000000   0.012451   0.008431
114.5000   0.000000   0.013039   0.008431
115.5000   0.000196   0.013824   0.008333
116.5000   0.000686   0.013431   0.009020
117.5000   0.000980   0.014118   0.008431
118.5000   0.001176   0.012745   0.009804
119.5000   0.000882   0.014804   0.008922
120.5000   0.002059   0.013627   0.008725
121.5000   0.001373   0.014118   0.008529
122.5000   0.001667   0.015098   0.008333
123.5000   0.002745   0.013431   0.009216
124.5000   0.002353   0.013333   0.010098
125.5000   0.004118   0.012843   0.007843
126.5000   0.005196   0.013725   0.008529
127.5000   0.005882   0.013725   0.007451
128.5000   0.007353   0.011471   0.008627
129.5000   0.009510   0.012157   0.006569
130.5000   0.011863   0.012745   0.006471
131.5000   0.013922   0.014608   0.007549
132.5000   0.015490   0.011078   0.006765
133.5000   0.017353   0.012941   0.007745
134.5000   0.019804   0.014902   0.007157
135.5000   0.025392   0.010784   0.005784
136.5000   0.027451   0.012451   0.005980
137.5000   0.028824   0.011863   0.005882
138.5000   0.031275   0.010980   0.007157
139.5000   0.030588   0.012549   0.006569
140.5000   0.035882   0.012157   0.007549
141.5000   0.036275   0.010980   0.005882
142.5000   0.038824   0.014510   0.007157
143.5000   0.037647   0.012353   0.006373
144.5000   0.039608   0.011765   0.005980
145.5000   0.045588   0.011275   0.006176
146.5000   0.042843   0.012353   0.006569
147.5000   0.042647   0.013627   0.004804
148.5000   0.039804   0.012451   0.005392
149.5000   0.038824   0.011176   0.006078
150.5000   0.037255   0.012941   0.004118
151.5000   0.035196   0.013627   0.004020
152.5000   0.031863   0.014314   0.006569
153.5000   0.031078   0.011569   0.005784
154.5000   0.029412   0.012353   0.004608
155.5000   0.025686   0.013529   0.004412
156.5000   0.023725   0.011961   0.004510
157.5000   0.020490   0.011569   0.003922
158.5000   0.016863   0.012255   0.002745
159.5000   0.016275   0.012647   0.002745
160.5000   0.012745   0.011569   0.003824
161.5000   0.009510   0.012157   0.003431
162.5000   0.007843   0.012451   0.003725
163.5000   0.007451   0.011373   0.002843
164.5000   0.007255   0.012157   0.002843
165.5000   0.004412   0.009804   0.002647
166.5000   0.003922   0.012255   0.002157
167.5000   0.002941   0.010490   0.003431
168.5000   0.002843   0.008039   0.002451
169.5000   0.001863   0.008235   0.001667
170.5000   0.001667   0.008627   0.002059
171.5000   0.001078   0.006961   0.001471
172.5000   0.000686   0.008529   0.000686
173.5000   0.000588   0.006471   0.001275
174.5000   0.000392   0.003824   0.001275
175.5000   0.000000   0.003431   0.000588
176.5000   0.000098   0.003627   0.000882
177.5000   0.000196   0.001765   0.000490
178.5000   0.000000   0.001765   0.000392
179.5000   0.000000   0.000686   0.000000
# min(1st columns)/max(2nd columns)/average(3rd columns)
# A3BA2: (1) 1-2-4 (4) 1-2-5
# A2B2: (7) 1-2-4
# 104.079882 177.581840 145.850166 65.628758 179.758851 132.678493 1.938583 178.605489 98.342303
