# Created by AnalysisTools v4.0  (https://github.com/KaGaSi/AnalysisTools)
# command: BondLength ../AngleMolecules/traj.vcf 0.01 bonds.txt -i ../AngleMolecules/traj.data -d end_to_end.txt --all
# (1) distance
# A3BA2 molecule: (2) A-A (3) A-B (4)-(8) individual bonds
# A2B2 molecule: (9) A-A (10) A-B (11) B-B (12)-(14) individual bonds
 0.1450  0.000000  0.000000  0.000000  0.000000  0.000000  0.000000  0.000000  0.000000  0.000000  0.000000  0.000000  0.000000  0.000000
 0.1550  0.000000  0.000000  0.000000  0.000000  0.000000  0.000000  0.000000  0.000000  0.000098  0.000098  0.000000  0.000098  0.000098
 0.1650  0.000065  0.000000  0.000196  0.000000  0.000000  0.000000  0.000000  0.000000  0.000000  0.000000  0.000000  0.000000  0.000000
 0.1750  0.000033  0.000000  0.000098  0.000000  0.000000  0.000000  0.000000  0.000000  0.000000  0.000000  0.000000  0.000000  0.000000
 0.1850  0.000131  0.000000  0.000392  0.000000  0.000000  0.000000  0.000000  0.000098  0.000000  0.000000  0.000098  0.000000  0.000000
 0.1950  0.000163  0.000000  0.000490  0.000000  0.000000  0.000000  0.000000  0.000000  0.000000  0.000000  0.000000  0.000000  0.000000
 0.2050  0.000229  0.000000  0.000686  0.000000  0.000000  0.000000  0.000000  0.000490  0.000000  0.000000  0.000490  0.000000  0.000000
 0.2150  0.000850  0.000000  0.002549  0.000000  0.000000  0.000000  0.000000  0.000196  0.000000  0.000098  0.000196  0.000000  0.000098
 0.2250  0.001176  0.000000  0.003529  0.000000  0.000000  0.000000  0.000000  0.000000  0.000000  0.000000  0.000000  0.000000  0.000000
 0.2350  0.001667  0.000000  0.005000  0.000000  0.000000  0.000000  0.000000  0.000196  0.000000  0.000000  0.000196  0.000000  0.000000
 0.2450  0.002582  0.000000  0.007745  0.000000  0.000000  0.000000  0.000000  0.000588  0.000000  0.000000  0.000588  0.000000  0.000000
 0.2550  0.003529  0.000000  0.010588  0.000000  0.000000  0.000000  0.000000  0.000196  0.000294  0.000000  0.000196  0.000294  0.000000
 0.2650  0.005490  0.000000  0.016373  0.000098  0.000000  0.000000  0.000000  0.000196  0.000294  0.000098  0.000196  0.000294  0.000098
 0.2750  0.008529  0.000000  0.025098  0.000490  0.000000  0.000000  0.000000  0.000784  0.000098  0.000098  0.000784  0.000098  0.000098
 0.2850  0.009379  0.000000  0.027549  0.000588  0.000000  0.000000  0.000000  0.001373  0.000196  0.000098  0.001373  0.000196  0.000098
 0.2950  0.011928  0.000000  0.034706  0.001078  0.000000  0.000000  0.000000  0.001373  0.000392  0.000098  0.001373  0.000392  0.000098
 0.3050  0.017190  0.000000  0.049902  0.001667  0.000000  0.000000  0.000000  0.001471  0.000000  0.000098  0.001471  0.000000  0.000098
 0.3150  0.017843  0.000000  0.050784  0.002745  0.000000  0.000000  0.000000  0.002451  0.000686  0.000196  0.002451  0.000686  0.000196
 0.3250  0.021993  0.000049  0.060686  0.005294  0.000098  0.000000  0.000000  0.002549  0.000882  0.000294  0.002549  0.000882  0.000294
 0.3350  0.025327  0.000000  0.068137  0.007843  0.000000  0.000000  0.000000  0.003333  0.001176  0.000294  0.003333  0.001176  0.000294
 0.3450  0.028758  0.000049  0.075784  0.010490  0.000098  0.000000  0.000000  0.004412  0.001275  0.000392  0.004412  0.001275  0.000392
 0.3550  0.032320  0.000000  0.080980  0.015980  0.000000  0.000000  0.000000  0.003627  0.001078  0.000784  0.003627  0.001078  0.000784
 0.3650  0.030915  0.000245  0.072451  0.020294  0.000490  0.000000  0.000000  0.005392  0.001373  0.000686  0.005392  0.001373  0.000686
 0.3750  0.034346  0.000343  0.072843  0.030196  0.000686  0.000000  0.000000  0.007255  0.002353  0.001176  0.007255  0.002353  0.001176
 0.3850  0.034444  0.000686  0.066961  0.036373  0.001373  0.000000  0.000000  0.007255  0.002549  0.001569  0.007255  0.002549  0.001569
 0.3950  0.034052  0.000980  0.057353  0.044804  0.001961  0.000000  0.000000  0.009510  0.002843  0.000784  0.009510  0.002843  0.000784
 0.4050  0.033203  0.001961  0.046275  0.053333  0.003922  0.000000  0.000000  0.008235  0.003627  0.001373  0.008235  0.003627  0.001373
 0.4150  0.035686  0.002549  0.044118  0.062941  0.005098  0.000000  0.000000  0.009902  0.004118  0.003039  0.009902  0.004118  0.003039
 0.4250  0.033137  0.004510  0.034412  0.065000  0.008922  0.000098  0.000000  0.010882  0.005294  0.002059  0.010882  0.005294  0.002059
 0.4350  0.032059  0.005294  0.025980  0.070196  0.010196  0.000392  0.000000  0.011569  0.005196  0.002843  0.011569  0.005196  0.002843
 0.4450  0.031405  0.008284  0.018333  0.075882  0.016569  0.000000  0.000000  0.013922  0.006373  0.003431  0.013922  0.006373  0.003431
 0.4550  0.029346  0.012794  0.012549  0.075490  0.025000  0.000588  0.000000  0.014804  0.006667  0.004608  0.014804  0.006667  0.004608
 0.4650  0.027026  0.014706  0.009706  0.071373  0.029216  0.000196  0.000000  0.015588  0.009412  0.005000  0.015588  0.009412  0.005000
 0.4750  0.025229  0.020245  0.006275  0.069412  0.038725  0.001765  0.000000  0.018922  0.008725  0.005196  0.018922  0.008725  0.005196
 0.4850  0.020490  0.024461  0.003824  0.057647  0.047059  0.001863  0.000000  0.018824  0.010294  0.006765  0.018824  0.010294  0.006765
 0.4950  0.018366  0.030490  0.003824  0.051275  0.056569  0.004412  0.000000  0.019216  0.013431  0.007451  0.019216  0.013431  0.007451
 0.5050  0.014379  0.034951  0.001667  0.041373  0.064510  0.005392  0.000098  0.019314  0.013333  0.005686  0.019314  0.013333  0.005686
 0.5150  0.011275  0.037892  0.000686  0.033137  0.067745  0.008039  0.000000  0.021471  0.012745  0.007745  0.021471  0.012745  0.007745
 0.5250  0.009837  0.041176  0.000392  0.028922  0.068235  0.014118  0.000196  0.025882  0.015588  0.008627  0.025882  0.015588  0.008627
 0.5350  0.007288  0.043971  0.000490  0.021176  0.071275  0.016667  0.000196  0.025882  0.016078  0.010196  0.025882  0.016078  0.010196
 0.5450  0.005654  0.046422  0.000294  0.016373  0.070588  0.022255  0.000294  0.026863  0.017157  0.011471  0.026863  0.017157  0.011471
 0.5550  0.004183  0.048382  0.000294  0.011569  0.068431  0.028333  0.000686  0.026078  0.016863  0.013725  0.026078  0.016863  0.013725
 0.5650  0.002843  0.051716  0.000000  0.006569  0.065000  0.038431  0.001961  0.025588  0.021176  0.013824  0.025588  0.021176  0.013824
 0.5750  0.002222  0.051863  0.000000  0.003922  0.059608  0.044118  0.002745  0.025490  0.019608  0.013529  0.025490  0.019608  0.013529
 0.5850  0.002353  0.051912  0.000000  0.002941  0.051863  0.051961  0.004118  0.028725  0.021863  0.015000  0.028725  0.021863  0.015000
 0.5950  0.002320  0.053186  0.000000  0.001863  0.043922  0.062451  0.005098  0.027843  0.024314  0.018824  0.027843  0.024314  0.018824
 0.6050  0.003137  0.050686  0.000000  0.000980  0.036176  0.065196  0.008431  0.028529  0.025588  0.018039  0.028529  0.025588  0.018039
 0.6150  0.004085  0.046667  0.000000  0.000392  0.024804  0.068529  0.011863  0.028627  0.024020  0.017353  0.028627  0.024020  0.017353
 0.6250  0.005654  0.044902  0.000000  0.000098  0.018627  0.071176  0.016863  0.030392  0.027745  0.018922  0.030392  0.027745  0.018922
 0.6350  0.008399  0.042059  0.000000  0.000000  0.014314  0.069804  0.025196  0.028922  0.025196  0.021667  0.028922  0.025196  0.021667
 0.6450  0.009314  0.039510  0.000000  0.000196  0.010392  0.068627  0.027745  0.027745  0.025686  0.023529  0.027745  0.025686  0.023529
 0.6550  0.012843  0.035539  0.000000  0.000000  0.006078  0.065000  0.038529  0.026078  0.025882  0.024020  0.026078  0.025882  0.024020
 0.6650  0.013954  0.029804  0.000000  0.000000  0.004902  0.054706  0.041863  0.025000  0.022647  0.025588  0.025000  0.022647  0.025588
 0.6750  0.016275  0.029510  0.000000  0.000000  0.003725  0.055294  0.048824  0.027451  0.031176  0.025980  0.027451  0.031176  0.025980
 0.6850  0.019052  0.022500  0.000000  0.000000  0.001961  0.043039  0.057157  0.025196  0.027941  0.024314  0.025196  0.027941  0.024314
 0.6950  0.020686  0.018529  0.000000  0.000000  0.000784  0.036275  0.062059  0.024608  0.030686  0.021569  0.024608  0.030686  0.021569
 0.7050  0.023693  0.013873  0.000000  0.000000  0.000392  0.027353  0.071078  0.023824  0.027745  0.027745  0.023824  0.027745  0.027745
 0.7150  0.024314  0.011078  0.000000  0.000000  0.000294  0.021863  0.072941  0.020980  0.023824  0.025784  0.020980  0.023824  0.025784
 0.7250  0.022778  0.007892  0.000000  0.000000  0.000098  0.015686  0.068333  0.021373  0.027745  0.027941  0.021373  0.027745  0.027941
 0.7350  0.023235  0.006127  0.000000  0.000000  0.000000  0.012255  0.069706  0.018333  0.028627  0.029020  0.018333  0.028627  0.029020
 0.7450  0.019216  0.004706  0.000000  0.000000  0.000196  0.009216  0.057647  0.016373  0.024510  0.024804  0.016373  0.024510  0.024804
 0.7550  0.019641  0.002794  0.000000  0.000000  0.000098  0.005490  0.058922  0.016863  0.025392  0.025490  0.016863  0.025392  0.025490
 0.7650  0.017647  0.001618  0.000000  0.000000  0.000000  0.003235  0.052941  0.015686  0.023824  0.026471  0.015686  0.023824  0.026471
 0.7750  0.015882  0.001471  0.000000  0.000000  0.000000  0.002941  0.047647  0.014412  0.019216  0.024510  0.014412  0.019216  0.024510
 0.7850  0.012320  0.000637  0.000000  0.000000  0.000000  0.001275  0.036961  0.012549  0.020490  0.027451  0.012549  0.020490  0.027451
 0.7950  0.010588  0.000343  0.000000  0.000000  0.000000  0.000686  0.031765  0.012549  0.019902  0.024314  0.012549  0.019902  0.024314
 0.8050  0.007353  0.000343  0.000000  0.000000  0.000000  0.000686  0.022059  0.011667  0.018235  0.024412  0.011667  0.018235  0.024412
 0.8150  0.005556  0.000147  0.000000  0.000000  0.000000  0.000294  0.016667  0.012745  0.018627  0.024020  0.012745  0.018627  0.024020
 0.8250  0.004869  0.000000  0.000000  0.000000  0.000000  0.000000  0.014608  0.010196  0.019510  0.024412  0.010196  0.019510  0.024412
 0.8350  0.002680  0.000098  0.000000  0.000000  0.000000  0.000196  0.008039  0.009118  0.016471  0.021373  0.009118  0.016471  0.021373
 0.8450  0.002157  0.000000  0.000000  0.000000  0.000000  0.000000  0.006471  0.007255  0.013627  0.022549  0.007255  0.013627  0.022549
 0.8550  0.001405  0.000049  0.000000  0.000000  0.000000  0.000098  0.004216  0.006569  0.016373  0.020392  0.006569  0.016373  0.020392
 0.8650  0.000752  0.000000  0.000000  0.000000  0.000000  0.000000  0.002255  0.005980  0.013333  0.017745  0.005980  0.013333  0.017745
 0.8750  0.000523  0.000000  0.000000  0.000000  0.000000  0.000000  0.001569  0.006373  0.010686  0.016863  0.006373  0.010686  0.016863
 0.8850  0.000294  0.000000  0.000000  0.000000  0.000000  0.000000  0.000882  0.004902  0.009314  0.016471  0.004902  0.009314  0.016471
 0.8950  0.000163  0.000000  0.000000  0.000000  0.000000  0.000000  0.000490  0.004020  0.010588  0.015294  0.004020  0.010588  0.015294
 0.9050  0.000131  0.000000  0.000000  0.000000  0.000000  0.000000  0.000392  0.003235  0.010686  0.014608  0.003235  0.010686  0.014608
 0.9150  0.000065  0.000000  0.000000  0.000000  0.000000  0.000000  0.000196  0.004314  0.007353  0.013039  0.004314  0.007353  0.013039
 0.9250  0.000065  0.000000  0.000000  0.000000  0.000000  0.000000  0.000196  0.003137  0.007059  0.010588  0.003137  0.007059  0.010588
 0.9350  0.000000  0.000000  0.000000  0.000000  0.000000  0.000000  0.000000  0.002157  0.008039  0.010784  0.002157  0.008039  0.010784
 0.9450  0.000000  0.000000  0.000000  0.000000  0.000000  0.000000  0.000000  0.002843  0.005588  0.010784  0.002843  0.005588  0.010784
 0.9550  0.000000  0.000000  0.000000  0.000000  0.000000  0.000000  0.000000  0.001667  0.004314  0.007549  0.001667  0.004314  0.007549
 0.9650  0.000033  0.000000  0.000000  0.000000  0.000000  0.000000  0.000098  0.001569  0.005000  0.007549  0.001569  0.005000  0.007549
 0.9750  0.000000  0.000000  0.000000  0.000000  0.000000  0.000000  0.000000  0.001471  0.003725  0.006569  0.001471  0.003725  0.006569
 0.9850  0.000000  0.000000  0.000000  0.000000  0.000000  0.000000  0.000000  0.001078  0.004020  0.007451  0.001078  0.004020  0.007451
 0.9950  0.000000  0.000000  0.000000  0.000000  0.000000  0.000000  0.000000  0.001078  0.003824  0.005882  0.001078  0.003824  0.005882
 1.0050  0.000000  0.000000  0.000000  0.000000  0.000000  0.000000  0.000000  0.000784  0.002647  0.006765  0.000784  0.002647  0.006765
 1.0150  0.000000  0.000000  0.000000  0.000000  0.000000  0.000000  0.000000  0.001078  0.001667  0.006471  0.001078  0.001667  0.006471
 1.0250  0.000000  0.000000  0.000000  0.000000  0.000000  0.000000  0.000000  0.000784  0.002353  0.004902  0.000784  0.002353  0.004902
 1.0350  0.000000  0.000000  0.000000  0.000000  0.000000  0.000000  0.000000  0.000490  0.002059  0.003235  0.000490  0.002059  0.003235
 1.0450  0.000000  0.000000  0.000000  0.000000  0.000000  0.000000  0.000000  0.000196  0.001667  0.004118  0.000196  0.001667  0.004118
 1.0550  0.000000  0.000000  0.000000  0.000000  0.000000  0.000000  0.000000  0.000490  0.001275  0.003529  0.000490  0.001275  0.003529
 1.0650  0.000000  0.000000  0.000000  0.000000  0.000000  0.000000  0.000000  0.000294  0.000882  0.002843  0.000294  0.000882  0.002843
 1.0750  0.000000  0.000000  0.000000  0.000000  0.000000  0.000000  0.000000  0.000196  0.001078  0.003039  0.000196  0.001078  0.003039
 1.0850  0.000000  0.000000  0.000000  0.000000  0.000000  0.000000  0.000000  0.000392  0.000882  0.001471  0.000392  0.000882  0.001471
 1.0950  0.000000  0.000000  0.000000  0.000000  0.000000  0.000000  0.000000  0.000098  0.000882  0.002451  0.000098  0.000882  0.002451
 1.1050  0.000000  0.000000  0.000000  0.000000  0.000000  0.000000  0.000000  0.000000  0.000098  0.001471  0.000000  0.000098  0.001471
 1.1150  0.000000  0.000000  0.000000  0.000000  0.000000  0.000000  0.000000  0.000098  0.000588  0.001373  0.000098  0.000588  0.001373
 1.1250  0.000000  0.000000  0.000000  0.000000  0.000000  0.000000  0.000000  0.000000  0.000294  0.000686  0.000000  0.000294  0.000686
 1.1350  0.000000  0.000000  0.000000  0.000000  0.000000  0.000000  0.000000  0.000196  0.000098  0.001275  0.000196  0.000098  0.001275
 1.1450  0.000000  0.000000  0.000000  0.000000  0.000000  0.000000  0.000000  0.000000  0.000490  0.000686  0.000000  0.000490  0.000686
 1.1550  0.000000  0.000000  0.000000  0.000000  0.000000  0.000000  0.000000  0.000000  0.000098  0.000980  0.000000  0.000098  0.000980
 1.1650  0.000000  0.000000  0.000000  0.000000  0.000000  0.000000  0.000000  0.000000  0.000098  0.000784  0.000000  0.000098  0.000784
 1.1750  0.000000  0.000000  0.000000  0.000000  0.000000  0.000000  0.000000  0.000000  0.000196  0.000490  0.000000  0.000196  0.000490
 1.1850  0.000000  0.000000  0.000000  0.000000  0.000000  0.000000  0.000000  0.000098  0.000294  0.000784  0.000098  0.000294  0.000784
 1.1950  0.000000  0.000000  0.000000  0.000000  0.000000  0.000000  0.000000  0.000000  0.000000  0.000392  0.000000  0.000000  0.000392
 1.2050  0.000000  0.000000  0.000000  0.000000  0.000000  0.000000  0.000000  0.000000  0.000294  0.000196  0.000000  0.000294  0.000196
 1.2150  0.000000  0.000000  0.000000  0.000000  0.000000  0.000000  0.000000  0.000098  0.000294  0.000294  0.000098  0.000294  0.000294
 1.2250  0.000000  0.000000  0.000000  0.000000  0.000000  0.000000  0.000000  0.000000  0.000000  0.000490  0.000000  0.000000  0.000490
 1.2350  0.000000  0.000000  0.000000  0.000000  0.000000  0.000000  0.000000  0.000000  0.000098  0.000294  0.000000  0.000098  0.000294
 1.2450  0.000000  0.000000  0.000000  0.000000  0.000000  0.000000  0.000000  0.000000  0.000000  0.000490  0.000000  0.000000  0.000490
 1.2550  0.000000  0.000000  0.000000  0.000000  0.000000  0.000000  0.000000  0.000000  0.000000  0.000000  0.000000  0.000000  0.000000
 1.2650  0.000000  0.000000  0.000000  0.000000  0.000000  0.000000  0.000000  0.000000  0.000000  0.000098  0.000000  0.000000  0.000098
 1.2750  0.000000  0.000000  0.000000  0.000000  0.000000  0.000000  0.000000  0.000098  0.000000  0.000000  0.000098  0.000000  0.000000
 1.2850  0.000000  0.000000  0.000000  0.000000  0.000000  0.000000  0.000000  0.000000  0.000000  0.000098  0.000000  0.000000  0.000098
 1.2950  0.000000  0.000000  0.000000  0.000000  0.000000  0.000000  0.000000  0.000000  0.000000  0.000000  0.000000  0.000000  0.000000
 1.3050  0.000000  0.000000  0.000000  0.000000  0.000000  0.000000  0.000000  0.000000  0.000000  0.000098  0.000000  0.000000  0.000098
 1.3150  0.000000  0.000000  0.000000  0.000000  0.000000  0.000000  0.000000  0.000000  0.000000  0.000098  0.000000  0.000000  0.000098
 1.3250  0.000000  0.000000  0.000000  0.000000  0.000000  0.000000  0.000000  0.000000  0.000000  0.000000  0.000000  0.000000  0.000000
# min(1st columns)/max(2nd columns)/average(3rd columns)
# A3BA2 molecule: (1) A-A (4) A-B (7)-(21) individual bonds
# A2B2 molecule: (22) A-A (25) A-B (28) B-B (31)-(39) individual bonds
# 0.163242 0.965015 0.509272 0.325200 0.850140 0.583537 0.163242 0.555948 0.357748 0.266818 0.645961 0.449267 0.325200 0.759051 0.537621 0.429518 0.850140 0.629452 0.508724 0.965015 0.720801 0.189730 1.276772 0.621921 0.151612 1.231497 0.691763 0.152844 1.315135 0.744349 0.189730 1.276772 0.621921 0.151612 1.231497 0.691763 0.152844 1.315135 0.744349
