# bead order in molecule(s) - A3BA2: A A A B A A; A2B2: A A B B;
# (1) distance
# A3BA2: (2) 1-6
# A2B2: (3) 1-4
 0.2450   0.000000   0.000000
 0.2550   0.000000   0.000098
 0.2650   0.000000   0.000098
 0.2750   0.000000   0.000000
 0.2850   0.000000   0.000000
 0.2950   0.000000   0.000000
 0.3050   0.000000   0.000000
 0.3150   0.000000   0.000098
 0.3250   0.000000   0.000196
 0.3350   0.000000   0.000196
 0.3450   0.000000   0.000000
 0.3550   0.000000   0.000294
 0.3650   0.000000   0.000294
 0.3750   0.000000   0.000000
 0.3850   0.000000   0.000392
 0.3950   0.000000   0.000882
 0.4050   0.000000   0.000980
 0.4150   0.000000   0.000196
 0.4250   0.000000   0.000784
 0.4350   0.000000   0.000784
 0.4450   0.000000   0.000784
 0.4550   0.000000   0.000392
 0.4650   0.000000   0.000490
 0.4750   0.000000   0.000980
 0.4850   0.000000   0.001078
 0.4950   0.000000   0.000686
 0.5050   0.000000   0.001667
 0.5150   0.000098   0.001667
 0.5250   0.000098   0.001275
 0.5350   0.000098   0.001373
 0.5450   0.000196   0.001471
 0.5550   0.000000   0.001471
 0.5650   0.000196   0.002647
 0.5750   0.000098   0.002059
 0.5850   0.000000   0.001863
 0.5950   0.000294   0.001863
 0.6050   0.000392   0.002157
 0.6150   0.000098   0.002941
 0.6250   0.000098   0.003039
 0.6350   0.000196   0.003039
 0.6450   0.000196   0.002451
 0.6550   0.000196   0.003922
 0.6650   0.000098   0.003725
 0.6750   0.000686   0.002843
 0.6850   0.000490   0.003627
 0.6950   0.001078   0.004118
 0.7050   0.000784   0.004216
 0.7150   0.001176   0.004314
 0.7250   0.000882   0.004412
 0.7350   0.000980   0.004902
 0.7450   0.002059   0.005098
 0.7550   0.001275   0.006176
 0.7650   0.001078   0.004118
 0.7750   0.001275   0.006471
 0.7850   0.001863   0.004608
 0.7950   0.002157   0.006275
 0.8050   0.002255   0.005196
 0.8150   0.002451   0.005686
 0.8250   0.003333   0.004510
 0.8350   0.002549   0.008725
 0.8450   0.003235   0.007843
 0.8550   0.003725   0.005980
 0.8650   0.002647   0.006373
 0.8750   0.002941   0.009510
 0.8850   0.002647   0.010392
 0.8950   0.004510   0.008235
 0.9050   0.004412   0.008039
 0.9150   0.003627   0.009020
 0.9250   0.004118   0.008431
 0.9350   0.004608   0.009608
 0.9450   0.004020   0.010294
 0.9550   0.005196   0.010392
 0.9650   0.005686   0.007745
 0.9750   0.003529   0.008824
 0.9850   0.006667   0.008824
 0.9950   0.004902   0.008431
 1.0050   0.005098   0.009608
 1.0150   0.004510   0.009216
 1.0250   0.005392   0.009412
 1.0350   0.004706   0.008137
 1.0450   0.006275   0.008627
 1.0550   0.005882   0.008627
 1.0650   0.004706   0.010294
 1.0750   0.006176   0.010294
 1.0850   0.007059   0.010098
 1.0950   0.006765   0.008529
 1.1050   0.005686   0.010294
 1.1150   0.006471   0.010882
 1.1250   0.007059   0.010686
 1.1350   0.005882   0.008431
 1.1450   0.006863   0.010490
 1.1550   0.007941   0.010686
 1.1650   0.006667   0.008824
 1.1750   0.007843   0.009608
 1.1850   0.008529   0.008333
 1.1950   0.007157   0.010882
 1.2050   0.006471   0.009706
 1.2150   0.006471   0.008235
 1.2250   0.005784   0.011176
 1.2350   0.006667   0.009020
 1.2450   0.006863   0.009216
 1.2550   0.006667   0.008922
 1.2650   0.008137   0.008529
 1.2750   0.008039   0.009118
 1.2850   0.008725   0.008922
 1.2950   0.006667   0.010882
 1.3050   0.007843   0.009804
 1.3150   0.007059   0.009902
 1.3250   0.008824   0.009314
 1.3350   0.006863   0.010294
 1.3450   0.008235   0.010784
 1.3550   0.010098   0.010392
 1.3650   0.009314   0.009314
 1.3750   0.008824   0.009412
 1.3850   0.008627   0.008627
 1.3950   0.011569   0.009216
 1.4050   0.010490   0.008627
 1.4150   0.010294   0.009902
 1.4250   0.010784   0.008431
 1.4350   0.010980   0.010000
 1.4450   0.009216   0.009216
 1.4550   0.011765   0.008235
 1.4650   0.009608   0.008431
 1.4750   0.012549   0.008922
 1.4850   0.010588   0.007745
 1.4950   0.011176   0.009020
 1.5050   0.012059   0.008137
 1.5150   0.014216   0.007255
 1.5250   0.013431   0.007843
 1.5350   0.013922   0.008922
 1.5450   0.012941   0.007941
 1.5550   0.012451   0.006961
 1.5650   0.013922   0.006275
 1.5750   0.012941   0.006667
 1.5850   0.012549   0.005490
 1.5950   0.015784   0.007059
 1.6050   0.013725   0.006863
 1.6150   0.011961   0.005784
 1.6250   0.011863   0.005686
 1.6350   0.012157   0.006667
 1.6450   0.015588   0.005196
 1.6550   0.013333   0.005196
 1.6650   0.013333   0.005980
 1.6750   0.012941   0.006863
 1.6850   0.012647   0.006078
 1.6950   0.014216   0.004118
 1.7050   0.011078   0.004804
 1.7150   0.012451   0.004118
 1.7250   0.013333   0.005490
 1.7350   0.010588   0.006275
 1.7450   0.011275   0.003725
 1.7550   0.012647   0.004804
 1.7650   0.010588   0.004706
 1.7750   0.012157   0.003529
 1.7850   0.011471   0.005490
 1.7950   0.011078   0.003627
 1.8050   0.009608   0.003725
 1.8150   0.010490   0.003922
 1.8250   0.010098   0.003235
 1.8350   0.009314   0.003529
 1.8450   0.007647   0.003333
 1.8550   0.006569   0.002941
 1.8650   0.008627   0.003529
 1.8750   0.008333   0.002549
 1.8850   0.006667   0.003137
 1.8950   0.005098   0.002549
 1.9050   0.005490   0.002647
 1.9150   0.005196   0.002451
 1.9250   0.005098   0.002451
 1.9350   0.003824   0.001961
 1.9450   0.002941   0.002549
 1.9550   0.004412   0.002059
 1.9650   0.003137   0.002451
 1.9750   0.002549   0.001961
 1.9850   0.002451   0.001275
 1.9950   0.002059   0.002157
 2.0050   0.001863   0.001765
 2.0150   0.001765   0.001863
 2.0250   0.001176   0.001471
 2.0350   0.001176   0.001373
 2.0450   0.000980   0.000588
 2.0550   0.000490   0.000882
 2.0650   0.000588   0.000882
 2.0750   0.000294   0.001569
 2.0850   0.000392   0.000882
 2.0950   0.000294   0.000686
 2.1050   0.000588   0.000980
 2.1150   0.000196   0.000784
 2.1250   0.000000   0.001078
 2.1350   0.000196   0.001275
 2.1450   0.000196   0.000490
 2.1550   0.000000   0.000980
 2.1650   0.000000   0.000588
 2.1750   0.000000   0.000392
 2.1850   0.000000   0.000196
 2.1950   0.000098   0.000490
 2.2050   0.000000   0.000392
 2.2150   0.000000   0.000490
 2.2250   0.000000   0.000490
 2.2350   0.000098   0.000686
 2.2450   0.000098   0.000098
 2.2550   0.000098   0.000392
 2.2650   0.000098   0.000392
 2.2750   0.000000   0.000294
 2.2850   0.000000   0.000000
 2.2950   0.000000   0.000098
 2.3050   0.000000   0.000294
 2.3150   0.000000   0.000294
 2.3250   0.000000   0.000196
 2.3350   0.000000   0.000196
 2.3450   0.000000   0.000098
 2.3550   0.000000   0.000000
 2.3650   0.000000   0.000196
 2.3750   0.000000   0.000000
 2.3850   0.000000   0.000000
 2.3950   0.000000   0.000000
 2.4050   0.000000   0.000000
 2.4150   0.000000   0.000098
 2.4250   0.000000   0.000000
 2.4350   0.000000   0.000098
 2.4450   0.000000   0.000098
 2.4550   0.000000   0.000000
 2.4650   0.000000   0.000098
 2.4750   0.000000   0.000000
 2.4850   0.000000   0.000000
 2.4950   0.000000   0.000000
 2.5050   0.000000   0.000098
 2.5150   0.000000   0.000000
 2.5250   0.000000   0.000000
 2.5350   0.000000   0.000000
 2.5450   0.000000   0.000098
 2.5550   0.000000   0.000196
 2.5650   0.000000   0.000000
 2.5750   0.000000   0.000098
 2.5850   0.000000   0.000000
 2.5950   0.000000   0.000000
 2.6050   0.000000   0.000098
 2.6150   0.000000   0.000000
 2.6250   0.000000   0.000000
 2.6350   0.000000   0.000000
 2.6450   0.000000   0.000000
 2.6550   0.000000   0.000000
 2.6650   0.000000   0.000098
 2.6750   0.000000   0.000098
 2.6850   0.000000   0.000000
 2.6950   0.000000   0.000000
 2.7050   0.000000   0.000000
 2.7150   0.000000   0.000098
 2.7250   0.000000   0.000000
 2.7350   0.000000   0.000000
 2.7450   0.000000   0.000000
 2.7550   0.000000   0.000000
 2.7650   0.000000   0.000000
 2.7750   0.000000   0.000098
 2.7850   0.000000   0.000000
# min(1st columns)/max(2nd columns)/average(3rd columns)
# A3BA2: (1) 1-6
# A2B2: (4) 1-4
# 0.519971 2.262633 1.462122 0.258450 2.773993 1.254259
